{
  "asset": {
    "version": "2.0",
    "generator": "THREE.GLTFExporter"
  },
  "scenes": [
    {
      "name": "Scene",
      "nodes": [
        74
      ]
    }
  ],
  "scene": 0,
  "nodes": [
    {
      "matrix": [
        -1.3435885648505064e-7,
        -1.0000001343588565,
        0,
        0,
        1.0000001343588565,
        -1.3435885648505064e-7,
        0,
        0,
        0,
        0,
        1,
        0,
        -1.4615917205810547,
        0.8444016575813293,
        2.433112621307373,
        1
      ],
      "name": "barrierr",
      "extras": {
        "name": "barrierr"
      },
      "mesh": 0
    },
    {
      "matrix": [
        -1.0153639351528909e-7,
        -1.000000105409498,
        2.0714447046543683e-8,
        0,
        0.9324418766370144,
        -1.0928260296694248e-7,
        -0.3613202976759684,
        0,
        0.3613202976759684,
        2.0714447046543683e-8,
        0.9324417712275159,
        0,
        -1.4615917205810547,
        0.8444016575813293,
        0.8425388336181641,
        1
      ],
      "name": "barrierr001",
      "extras": {
        "name": "barrierr.001"
      },
      "mesh": 0
    },
    {
      "matrix": [
        -7.36768939191279e-8,
        -1.000000073676894,
        0,
        0,
        0.9789883176976772,
        -7.36768939191279e-8,
        0.20391670153586006,
        0,
        -0.20391670153586006,
        0,
        0.9789882440207833,
        0,
        -0.844879150390625,
        0.8444016575813293,
        2.590418815612793,
        1
      ],
      "name": "barrierr002",
      "extras": {
        "name": "barrierr.002"
      },
      "mesh": 0
    },
    {
      "matrix": [
        7.5353362660735e-8,
        -1.0000000095207229,
        3.5831160261068362e-9,
        0,
        0.9865287793258046,
        7.362385001652427e-8,
        -0.16358785591658087,
        0,
        0.16358785591657998,
        1.7419217179792668e-8,
        0.9865287698050816,
        0,
        -0.844879150390625,
        0.8444016575813293,
        0.8425388336181641,
        1
      ],
      "name": "barrierr003",
      "extras": {
        "name": "barrierr.003"
      },
      "mesh": 0
    },
    {
      "matrix": [
        8.116162752980216e-8,
        -1.0000000051274793,
        -1.0183614840286737e-8,
        0,
        0.9676609458452635,
        7.580225680481334e-8,
        0.2522544432528582,
        0,
        -0.2522544432528564,
        -3.162109774024202e-8,
        0.9676609407177839,
        0,
        -0.06060028076171875,
        0.8444016575813293,
        2.6423330307006836,
        1
      ],
      "name": "barrierr004",
      "extras": {
        "name": "barrierr.004"
      },
      "mesh": 0
    },
    {
      "matrix": [
        9.545957802004068e-9,
        -1.000000074911124,
        4.2919490184090137e-10,
        0,
        0.993432203467624,
        8.942144802404073e-9,
        -0.1144229301133084,
        0,
        0.11442293011330795,
        1.0090202451351615e-8,
        0.9934321285565,
        0,
        -0.06060028076171875,
        0.8444016575813293,
        0.8425388336181641,
        1
      ],
      "name": "barrierr005",
      "extras": {
        "name": "barrierr.005"
      },
      "mesh": 0
    },
    {
      "matrix": [
        2.7834070293053514e-7,
        -0.9999999726785438,
        3.7178693901296356e-8,
        0,
        0.8958897956681335,
        2.687246531962728e-7,
        0.44427628720741374,
        0,
        -0.4442762872074084,
        -7.821390290985164e-8,
        0.8958898229895893,
        0,
        0.5561122894287109,
        0.8444016575813293,
        2.645969867706299,
        1
      ],
      "name": "barrierr006",
      "extras": {
        "name": "barrierr.006"
      },
      "mesh": 0
    },
    {
      "matrix": [
        1.2567371843186237e-7,
        -1.0000000429791929,
        2.378436114724991e-9,
        0,
        0.9958911659882712,
        1.2519613235006943e-7,
        0.09055866311352645,
        0,
        -0.09055866311352556,
        -1.2904319390827368e-8,
        0.9958911230090784,
        0,
        0.5561122894287109,
        0.8444016575813293,
        0.8425388336181641,
        1
      ],
      "name": "barrierr007",
      "extras": {
        "name": "barrierr.007"
      },
      "mesh": 0
    },
    {
      "matrix": [
        -5.367273647749471e-8,
        -1.0000000548802581,
        1.0467291922111599e-8,
        0,
        0.9737331095836077,
        -5.608777975396606e-8,
        -0.22769264604101114,
        0,
        0.22769264604101114,
        1.0467291922111599e-8,
        0.9737330547033495,
        0,
        -1.5702400207519531,
        0.8444016575813293,
        -0.07792282104492188,
        1
      ],
      "name": "barrierr008",
      "extras": {
        "name": "barrierr.008"
      },
      "mesh": 0
    },
    {
      "matrix": [
        -0.004334087263399233,
        -0.9999644014406361,
        0.00723849516156605,
        0,
        0.9981969343852906,
        -0.004759556420198097,
        -0.059834865028419504,
        0,
        0.05986718754494724,
        0.006966113739475421,
        0.9981820440612822,
        0,
        -1.5818977355957031,
        0.8389603495597839,
        -1.2742795944213867,
        1
      ],
      "name": "barrierr009",
      "extras": {
        "name": "barrierr.009"
      },
      "mesh": 0
    },
    {
      "matrix": [
        -1.1315887782359368e-8,
        -1.0000001798907876,
        -2.0525359190060044e-9,
        0,
        0.999703723148161,
        -1.1315887782359368e-8,
        -0.02434801234829642,
        0,
        0.02434801234829642,
        2.0525359190060044e-9,
        0.9997035432573733,
        0,
        -0.9535274505615234,
        0.8444016575813293,
        -0.07792329788208008,
        1
      ],
      "name": "barrierr010",
      "extras": {
        "name": "barrierr.010"
      },
      "mesh": 0
    },
    {
      "matrix": [
        -2.9451240113331778e-8,
        -0.9999644267874372,
        0.008436776548233382,
        0,
        0.9233679527298961,
        -0.003239043737729208,
        -0.38390254833247894,
        0,
        0.3839162120961461,
        0.007790244183791373,
        0.9233350728716472,
        0,
        -0.9651851654052734,
        0.8389603495597839,
        -1.2742795944213867,
        1
      ],
      "name": "barrierr011",
      "extras": {
        "name": "barrierr.011"
      },
      "mesh": 0
    },
    {
      "matrix": [
        -3.9492525027995384e-8,
        -1.0000000395182067,
        1.3168386381323671e-9,
        0,
        0.9992396351531372,
        -3.954388838600664e-8,
        -0.03899013433472698,
        0,
        0.03899013433472698,
        1.3168386381323671e-9,
        0.9992395956349306,
        0,
        -0.3648185729980469,
        0.8444016575813293,
        -0.07792282104492188,
        1
      ],
      "name": "barrierr012",
      "extras": {
        "name": "barrierr.012"
      },
      "mesh": 0
    },
    {
      "matrix": [
        0.0006940035816032086,
        -0.9999644908095555,
        0.008408172167511552,
        0,
        0.9103204547803094,
        -0.002848439588675422,
        -0.4138945740819917,
        0,
        0.41390379298549895,
        0.00794140830892509,
        0.9102859983100329,
        0,
        -0.1809062957763672,
        0.8389603495597839,
        -1.2742795944213867,
        1
      ],
      "name": "barrierr013",
      "extras": {
        "name": "barrierr.013"
      },
      "mesh": 0
    },
    {
      "matrix": [
        9.283891511113751e-8,
        -0.9999999908948088,
        9.700008796187376e-9,
        0,
        0.9735159623034927,
        9.283891511113751e-8,
        0.22861901261689166,
        0,
        -0.22861901261689166,
        -9.700008796187376e-9,
        0.9735159714086838,
        0,
        0.4474639892578125,
        0.8444016575813293,
        -0.07792282104492188,
        1
      ],
      "name": "barrierr014",
      "extras": {
        "name": "barrierr.014"
      },
      "mesh": 0
    },
    {
      "matrix": [
        -1.152892803446548e-8,
        -0.9999644042856122,
        0.008436784435016165,
        0,
        0.9903516449336334,
        -0.0011691563667857174,
        -0.13857215307505655,
        0,
        0.13857708521659973,
        0.008355381040448862,
        0.9903164034568274,
        0,
        0.4358062744140625,
        0.8389603495597839,
        -1.2742795944213867,
        1
      ],
      "name": "barrierr015",
      "extras": {
        "name": "barrierr.015"
      },
      "mesh": 0
    },
    {
      "matrix": [
        -0.0029035443214047163,
        -0.9980621570051302,
        0.062158554192190074,
        0,
        0.969383034247421,
        -0.018071554100616893,
        -0.24488801589386888,
        0,
        0.24553673455973968,
        0.05954442181631414,
        0.967556809607962,
        0,
        -1.5818977355957031,
        0.7975066304206848,
        -2.525589942932129,
        1
      ],
      "name": "barrierr016",
      "extras": {
        "name": "barrierr.016"
      },
      "mesh": 0
    },
    {
      "matrix": [
        -0.016223059254948602,
        -0.9980622436703663,
        0.060074412926266696,
        0,
        0.9847772183365271,
        -0.005549907372842,
        0.17373367526352856,
        0,
        -0.17306359401715188,
        0.0619783626346746,
        0.982958636521121,
        0,
        -0.7528171539306641,
        0.7975066304206848,
        -2.525589942932129,
        1
      ],
      "name": "barrierr017",
      "extras": {
        "name": "barrierr.017"
      },
      "mesh": 0
    },
    {
      "matrix": [
        0.00456565408116949,
        -0.9980621879108647,
        0.06205859370096434,
        0,
        0.993617811574989,
        -0.002466814952564178,
        -0.1127732515441886,
        0,
        0.11270778371742285,
        0.062177413949896954,
        0.9916808593156915,
        0,
        -0.05105400085449219,
        0.7975066304206848,
        -2.525589942932129,
        1
      ],
      "name": "barrierr018",
      "extras": {
        "name": "barrierr.018"
      },
      "mesh": 0
    },
    {
      "matrix": [
        0.041292511676585875,
        -0.9980620806077356,
        0.04655151071409591,
        0,
        0.8470984863152919,
        0.01026418039425847,
        -0.5313368362134874,
        0,
        0.5298293257070128,
        0.06137395447561644,
        0.845880682119796,
        0,
        0.7136898040771484,
        0.8722900748252869,
        -2.4130706787109375,
        1
      ],
      "name": "barrierr019",
      "extras": {
        "name": "barrierr.019"
      },
      "mesh": 0
    },
    {
      "matrix": [
        -1.3435885648505064e-7,
        -1.0000001343588565,
        0,
        0,
        1.0000001343588565,
        -1.3435885648505064e-7,
        0,
        0,
        0,
        0,
        1,
        0,
        -1.9233818054199219,
        0.8047837615013123,
        -4.457080841064453,
        1
      ],
      "name": "barrierr020",
      "extras": {
        "name": "barrierr.020"
      },
      "mesh": 0
    },
    {
      "matrix": [
        -1.0153639351528909e-7,
        -1.000000105409498,
        2.0714447046543683e-8,
        0,
        0.9324418766370144,
        -1.0928260296694248e-7,
        -0.3613202976759684,
        0,
        0.3613202976759684,
        2.0714447046543683e-8,
        0.9324417712275159,
        0,
        -1.9233818054199219,
        0.8047837615013123,
        -6.047656059265137,
        1
      ],
      "name": "barrierr021",
      "extras": {
        "name": "barrierr.021"
      },
      "mesh": 0
    },
    {
      "matrix": [
        1.6518312206947883e-7,
        -1.0000000033999064,
        1.2113060554597155e-9,
        0,
        0.9998967539902546,
        1.6518312206947883e-7,
        0.01436969587587933,
        0,
        -0.01436969587587933,
        -1.2113060554597155e-9,
        0.9998967505903481,
        0,
        -1.3066692352294922,
        0.8047837615013123,
        -4.457082748413086,
        1
      ],
      "name": "barrierr022",
      "extras": {
        "name": "barrierr.022"
      },
      "mesh": 0
    },
    {
      "matrix": [
        6.260697205107135e-8,
        -1.000000024280915,
        1.056825738032785e-10,
        0,
        0.883495112171893,
        5.243460021731039e-8,
        -0.468440428795601,
        0,
        0.4684404287955992,
        4.079516990884713e-8,
        0.8834950878909775,
        0,
        -1.3066692352294922,
        0.8047837615013123,
        -6.04765510559082,
        1
      ],
      "name": "barrierr023",
      "extras": {
        "name": "barrierr.023"
      },
      "mesh": 0
    },
    {
      "matrix": [
        -5.893929255762487e-8,
        -1.0000001453112333,
        9.455416893899837e-9,
        0,
        0.9632680797871133,
        -6.465108981501544e-8,
        -0.26854217003244774,
        0,
        0.26854217003244596,
        3.2302605923462124e-8,
        0.9632679344758797,
        0,
        -0.5223903656005859,
        0.8047837615013123,
        -4.457080841064453,
        1
      ],
      "name": "barrierr024",
      "extras": {
        "name": "barrierr.024"
      },
      "mesh": 0
    },
    {
      "matrix": [
        4.064195024966466e-8,
        -1.0000000436881458,
        -8.949123664336867e-10,
        0,
        0.9991491177870564,
        4.053328117592514e-8,
        0.04124473059240863,
        0,
        -0.04124473059240841,
        -4.372322948142937e-9,
        0.9991490740989106,
        0,
        -0.5223903656005859,
        0.8047837615013123,
        -6.047656059265137,
        1
      ],
      "name": "barrierr025",
      "extras": {
        "name": "barrierr.025"
      },
      "mesh": 0
    },
    {
      "matrix": [
        3.2069447541971385e-8,
        -1.0000000523644719,
        2.023845979692851e-9,
        0,
        0.9970441177983371,
        3.166437057000593e-8,
        -0.07683184165879675,
        0,
        0.07683184165879631,
        8.50507708705095e-9,
        0.9970440654338651,
        0,
        0.09432220458984375,
        0.8047837615013123,
        -4.457080841064453,
        1
      ],
      "name": "barrierr026",
      "extras": {
        "name": "barrierr.026"
      },
      "mesh": 0
    },
    {
      "matrix": [
        1.2567371843186237e-7,
        -1.0000000429791929,
        2.378436114724991e-9,
        0,
        0.9958911659882712,
        1.2519613235006943e-7,
        0.09055866311352645,
        0,
        -0.09055866311352556,
        -1.2904319390827368e-8,
        0.9958911230090784,
        0,
        0.09432220458984375,
        0.8047837615013123,
        -6.04765510559082,
        1
      ],
      "name": "barrierr027",
      "extras": {
        "name": "barrierr.027"
      },
      "mesh": 0
    },
    {
      "matrix": [
        1.6518312206947883e-7,
        -1.0000000033999064,
        1.2113060554597155e-9,
        0,
        0.9998967539902546,
        1.6518312206947883e-7,
        0.01436969587587933,
        0,
        -0.01436969587587933,
        -1.2113060554597155e-9,
        0.9998967505903481,
        0,
        -0.9049968719482422,
        0.8047837615013123,
        -3.658738136291504,
        1
      ],
      "name": "barrierr028",
      "extras": {
        "name": "barrierr.028"
      },
      "mesh": 0
    },
    {
      "matrix": [
        1.3456508041187476e-7,
        -1.0000000308381556,
        -3.261096637174887e-8,
        0,
        0.9251646216377725,
        1.3456508041187476e-7,
        -0.37956617940242054,
        0,
        0.37956617940242054,
        3.261096637174887e-8,
        0.9251645907996169,
        0,
        -1.652139663696289,
        0.8047837615013123,
        -3.658738136291504,
        1
      ],
      "name": "barrierr029",
      "extras": {
        "name": "barrierr.029"
      },
      "mesh": 0
    },
    {
      "matrix": [
        1.3456508041187476e-7,
        -1.0000000308381556,
        -3.261096637174887e-8,
        0,
        0.9251646216377725,
        1.3456508041187476e-7,
        -0.37956617940242054,
        0,
        0.37956617940242054,
        3.261096637174887e-8,
        0.9251645907996169,
        0,
        0.7419242858886719,
        0.8047837615013123,
        -3.658738136291504,
        1
      ],
      "name": "barrierr030",
      "extras": {
        "name": "barrierr.030"
      },
      "mesh": 0
    },
    {
      "matrix": [
        -1.3435885648505064e-7,
        -1.0000001343588565,
        0,
        0,
        1.0000001343588565,
        -1.3435885648505064e-7,
        0,
        0,
        0,
        0,
        1,
        0,
        -2.4232940673828125,
        0.8047837615013123,
        -5.163865089416504,
        1
      ],
      "name": "barrierr031",
      "extras": {
        "name": "barrierr.031"
      },
      "mesh": 0
    },
    {
      "matrix": [
        4.2604341610186225e-8,
        -1.0000000416635186,
        2.0868120564898618e-9,
        0,
        0.9987742787811629,
        4.2604341610186225e-8,
        0.049497710777439696,
        0,
        -0.049497710777439696,
        -2.0868120564898618e-9,
        0.9987742371176442,
        0,
        -1.1545352935791016,
        0.8444016575813293,
        1.4405364990234375,
        1
      ],
      "name": "barrierr032",
      "extras": {
        "name": "barrierr.032"
      },
      "mesh": 0
    },
    {
      "matrix": [
        1.3017212729948824e-7,
        -1.0000000382522858,
        -9.092764763352079e-9,
        0,
        0.9855256378059876,
        1.2927575088195198e-7,
        -0.16952667557548295,
        0,
        0.16952667557548207,
        1.9591279709629816e-8,
        0.9855255995537017,
        0,
        -0.4279365539550781,
        0.8444016575813293,
        1.4405364990234375,
        1
      ],
      "name": "barrierr033",
      "extras": {
        "name": "barrierr.033"
      },
      "mesh": 0
    },
    {
      "matrix": [
        1.3017212729948824e-7,
        -1.0000000382522858,
        -9.092764763352079e-9,
        0,
        0.9855256378059876,
        1.2927575088195198e-7,
        -0.16952667557548295,
        0,
        0.16952667557548207,
        1.9591279709629816e-8,
        0.9855255995537017,
        0,
        1.0112323760986328,
        0.8444016575813293,
        1.4405364990234375,
        1
      ],
      "name": "barrierr034",
      "extras": {
        "name": "barrierr.034"
      },
      "mesh": 0
    },
    {
      "matrix": [
        1.7135002217116835e-7,
        -0.9999999968736462,
        -1.5281500509445323e-8,
        0,
        0.9535398333198031,
        1.6813813352722917e-7,
        -0.30126695806167625,
        0,
        0.3012669580616745,
        3.610871779358149e-8,
        0.9535398364461568,
        0,
        0.6560115814208984,
        0.8047837615013123,
        -5.555995941162109,
        1
      ],
      "name": "barrierr035",
      "extras": {
        "name": "barrierr.035"
      },
      "mesh": 0
    },
    {
      "matrix": [
        1,
        0,
        0,
        0,
        0,
        1,
        0,
        0,
        0,
        0,
        1,
        0,
        17.93581771850586,
        0.9089230895042419,
        -5.3076276779174805,
        1
      ],
      "name": "barrage_tim",
      "extras": {
        "name": "barrage tim"
      },
      "children": [
        0,
        1,
        2,
        3,
        4,
        5,
        6,
        7,
        8,
        9,
        10,
        11,
        12,
        13,
        14,
        15,
        16,
        17,
        18,
        19,
        20,
        21,
        22,
        23,
        24,
        25,
        26,
        27,
        28,
        29,
        30,
        31,
        32,
        33,
        34,
        35
      ]
    },
    {
      "matrix": [
        -0.0000368902138778715,
        -0.9999942786246825,
        -0.0034056588995987624,
        0,
        -0.9567411448414882,
        -0.0009557045529082764,
        0.2909392130602626,
        0,
        -0.29094078016331437,
        0.0032690436869629025,
        -0.9567356391876558,
        0,
        0.6560132503509521,
        0.804783821105957,
        -5.555996417999268,
        1
      ],
      "name": "barrierr036",
      "extras": {
        "name": "barrierr.036"
      },
      "mesh": 1
    },
    {
      "matrix": [
        -0.000036757955038879686,
        -0.9999943043606696,
        -0.0034056671184146126,
        0,
        -0.9873008639505509,
        -0.0005049482458137078,
        0.15886144227252963,
        0,
        -0.15886224021080864,
        0.003368240584199711,
        -0.9872952234620982,
        0,
        1.011234164237976,
        0.8444017171859741,
        1.4405362606048584,
        1
      ],
      "name": "barrierr037",
      "extras": {
        "name": "barrierr.037"
      },
      "mesh": 1
    },
    {
      "matrix": [
        -0.000036757955038879686,
        -0.9999943043606696,
        -0.0034056671184146126,
        0,
        -0.9873008639505509,
        -0.0005049482458137078,
        0.15886144227252963,
        0,
        -0.15886224021080864,
        0.003368240584199711,
        -0.9872952234620982,
        0,
        -0.42793509364128113,
        0.8444016575813293,
        1.440535545349121,
        1
      ],
      "name": "barrierr038",
      "extras": {
        "name": "barrierr.038"
      },
      "mesh": 1
    },
    {
      "matrix": [
        -0.000036681561067286594,
        -0.99999424262902,
        -0.0034056834666351676,
        0,
        -0.9981807999854144,
        0.00024186623046373867,
        -0.06029193423701229,
        0,
        0.06029240840720007,
        0.003397278671895654,
        -0.9981750620293681,
        0,
        -1.154533863067627,
        0.8444015979766846,
        1.4405364990234375,
        1
      ],
      "name": "barrierr039",
      "extras": {
        "name": "barrierr.039"
      },
      "mesh": 1
    },
    {
      "matrix": [
        -0.00003677382106426208,
        -0.9999942550853066,
        -0.003405679456524202,
        0,
        -0.9999416122424291,
        0.00007348056691236504,
        -0.010810962166214466,
        0,
        0.010811149901358397,
        0.0034050834542298514,
        -0.9999358703668406,
        0,
        -2.4232938289642334,
        0.8047837615013123,
        -5.163865566253662,
        1
      ],
      "name": "barrierr040",
      "extras": {
        "name": "barrierr.040"
      },
      "mesh": 1
    },
    {
      "matrix": [
        -0.000036672498803014264,
        -0.9999942231445589,
        -0.0034057038313921595,
        0,
        -0.929213830544394,
        -0.0012245209227135234,
        0.36954053122044606,
        0,
        -0.3695425581257066,
        0.003178170414782855,
        -0.9292084193788384,
        0,
        0.741924524307251,
        0.8047837018966675,
        -3.6587395668029785,
        1
      ],
      "name": "barrierr041",
      "extras": {
        "name": "barrierr.041"
      },
      "mesh": 1
    },
    {
      "matrix": [
        -0.000036672498803014264,
        -0.9999942231445589,
        -0.0034057038313921595,
        0,
        -0.929213830544394,
        -0.0012245209227135234,
        0.36954053122044606,
        0,
        -0.3695425581257066,
        0.003178170414782855,
        -0.9292084193788384,
        0,
        -1.6521397829055786,
        0.804783821105957,
        -3.658738613128662,
        1
      ],
      "name": "barrierr042",
      "extras": {
        "name": "barrierr.042"
      },
      "mesh": 1
    },
    {
      "matrix": [
        -0.00003691544187534035,
        -0.9999943336218977,
        -0.003405681992338483,
        0,
        -0.9996831000704716,
        0.00012238679768428185,
        -0.025178397901137572,
        0,
        0.025178669131383336,
        0.0034036761704474006,
        -0.9996774400376935,
        0,
        -0.9049974679946899,
        0.8047837615013123,
        -3.6587390899658203,
        1
      ],
      "name": "barrierr043",
      "extras": {
        "name": "barrierr.043"
      },
      "mesh": 1
    },
    {
      "matrix": [
        -0.00003670990745163749,
        -0.999994231098175,
        -0.0034056783256950496,
        0,
        -0.9948539351140754,
        0.00038152147410730475,
        -0.10131912171691582,
        0,
        0.10131983351016416,
        0.0033844361152084446,
        -0.9948482100545561,
        0,
        0.09432204067707062,
        0.8047837615013123,
        -6.047656536102295,
        1
      ],
      "name": "barrierr044",
      "extras": {
        "name": "barrierr.044"
      },
      "mesh": 1
    },
    {
      "matrix": [
        -0.00003667478289437476,
        -0.9999941869020608,
        -0.003405686348960657,
        0,
        -0.9978163910372724,
        -0.00018832036538563024,
        0.0660483776583014,
        0,
        -0.0660486359796657,
        0.00340067287852186,
        -0.9978105836947293,
        0,
        0.09432261437177658,
        0.8047837615013123,
        -4.4570817947387695,
        1
      ],
      "name": "barrierr045",
      "extras": {
        "name": "barrierr.045"
      },
      "mesh": 1
    },
    {
      "matrix": [
        -0.00003678950734853359,
        -0.9999942011234725,
        -0.0034056781418256854,
        0,
        -0.9986447795565551,
        0.00021398316529497308,
        -0.05204383491556763,
        0,
        0.052044261822195015,
        0.003399148085532655,
        -0.9986389964124669,
        0,
        -0.5223901271820068,
        0.804783821105957,
        -6.047657489776611,
        1
      ],
      "name": "barrierr046",
      "extras": {
        "name": "barrierr.046"
      },
      "mesh": 1
    },
    {
      "matrix": [
        -0.00003675898420185675,
        -0.9999942363035568,
        -0.0034056727510876073,
        0,
        -0.9661148126084318,
        -0.0008436060216188146,
        0.25811146786703,
        0,
        -0.2581128437443514,
        0.0032997493184172555,
        -0.9661092144679415,
        0,
        -0.5223895311355591,
        0.8047837018966675,
        -4.457082271575928,
        1
      ],
      "name": "barrierr047",
      "extras": {
        "name": "barrierr.047"
      },
      "mesh": 1
    },
    {
      "matrix": [
        -0.00003690202934514275,
        -0.9999942152584298,
        -0.0034056471329027005,
        0,
        -0.8885074320979056,
        -0.0015299640278190196,
        0.4588597091776965,
        0,
        -0.4588622582970867,
        0.0030428686353030088,
        -0.8885022375686304,
        0,
        -1.3066691160202026,
        0.8047837615013123,
        -6.047656059265137,
        1
      ],
      "name": "barrierr048",
      "extras": {
        "name": "barrierr.048"
      },
      "mesh": 1
    },
    {
      "matrix": [
        -0.00003691544187534035,
        -0.9999943336218977,
        -0.003405681992338483,
        0,
        -0.9996831000704716,
        0.00012238679768428185,
        -0.025178397901137572,
        0,
        0.025178669131383336,
        0.0034036761704474006,
        -0.9996774400376935,
        0,
        -1.3066685199737549,
        0.804783821105957,
        -4.457083225250244,
        1
      ],
      "name": "barrierr049",
      "extras": {
        "name": "barrierr.049"
      },
      "mesh": 1
    },
    {
      "matrix": [
        -0.0000366229544899177,
        -0.9999941655853855,
        -0.003405698504629129,
        0,
        -0.9362933371864335,
        -0.0011617896178823806,
        0.3512169817025761,
        0,
        -0.3512189014381306,
        0.003201607590694877,
        -0.9362878296860586,
        0,
        -1.9233813285827637,
        0.804783821105957,
        -6.047657012939453,
        1
      ],
      "name": "barrierr050",
      "extras": {
        "name": "barrierr.050"
      },
      "mesh": 1
    },
    {
      "matrix": [
        -0.00003677382106426208,
        -0.9999942550853066,
        -0.003405679456524202,
        0,
        -0.9999416122424291,
        0.00007348056691236504,
        -0.010810962166214466,
        0,
        0.010811149901358397,
        0.0034050834542298514,
        -0.9999358703668406,
        0,
        -1.923380732536316,
        0.8047837615013123,
        -4.4570817947387695,
        1
      ],
      "name": "barrierr051",
      "extras": {
        "name": "barrierr.051"
      },
      "mesh": 1
    },
    {
      "matrix": [
        -0.04082377555517702,
        -0.9978947444636086,
        -0.0503940202946449,
        0,
        -0.8527924260333455,
        0.008517305007321951,
        0.5221806103070552,
        0,
        -0.5206520492706321,
        0.06429300624793477,
        -0.8513447937305187,
        0,
        0.7136914730072021,
        0.8722901344299316,
        -2.413071870803833,
        1
      ],
      "name": "barrierr052",
      "extras": {
        "name": "barrierr.052"
      },
      "mesh": 1
    },
    {
      "matrix": [
        -0.003931407947908916,
        -0.9978446750987352,
        -0.06550301018717997,
        0,
        -0.9947789552697778,
        -0.002777537885576997,
        0.10201574025774574,
        0,
        -0.10197779228269133,
        0.06556207352628429,
        -0.9926239644546868,
        0,
        -0.05105533450841904,
        0.7975066900253296,
        -2.525590181350708,
        1
      ],
      "name": "barrierr053",
      "extras": {
        "name": "barrierr.053"
      },
      "mesh": 1
    },
    {
      "matrix": [
        0.016834619356433822,
        -0.9978529523368705,
        -0.06329412242455046,
        0,
        -0.9828413256316538,
        -0.004885605071269339,
        -0.1843885185029377,
        0,
        0.18368339351045382,
        0.06531219363706864,
        -0.9808133660005538,
        0,
        -0.7528175115585327,
        0.79750657081604,
        -2.525590181350708,
        1
      ],
      "name": "barrierr054",
      "extras": {
        "name": "barrierr.054"
      },
      "mesh": 1
    },
    {
      "matrix": [
        0.0035382994034697246,
        -0.9978449570882406,
        -0.06552219719278707,
        0,
        -0.971974602824808,
        -0.018833823962086882,
        0.23433074940629517,
        0,
        -0.2350597544773665,
        0.06285674400831276,
        -0.9699466009310811,
        0,
        -1.5818986892700195,
        0.79750657081604,
        -2.525590419769287,
        1
      ],
      "name": "barrierr055",
      "extras": {
        "name": "barrierr.055"
      },
      "mesh": 1
    },
    {
      "matrix": [
        0.00005426497415284004,
        -0.9999300260031008,
        -0.011841818494760403,
        0,
        -0.9917920872084507,
        -0.0015682238351364397,
        0.12785259248585312,
        0,
        -0.12786219659668596,
        0.011737663825774902,
        -0.9917227740641579,
        0,
        0.4358055293560028,
        0.8389603495597839,
        -1.274280071258545,
        1
      ],
      "name": "barrierr056",
      "extras": {
        "name": "barrierr.056"
      },
      "mesh": 1
    },
    {
      "matrix": [
        -0.00003684302813056206,
        -0.999994206778606,
        -0.00340569219953224,
        0,
        -0.9709875057863292,
        0.000850164442720458,
        -0.2391287404363247,
        0,
        0.23913024889581536,
        0.003298075961300384,
        -0.9709819121563896,
        0,
        0.44746461510658264,
        0.8444016575813293,
        -0.07792317867279053,
        1
      ],
      "name": "barrierr057",
      "extras": {
        "name": "barrierr.057"
      },
      "mesh": 1
    },
    {
      "matrix": [
        -0.0006402697703098426,
        -0.9999300194729583,
        -0.01182066011586791,
        0,
        -0.9147420619110109,
        -0.0041905308742560266,
        0.40401680913166516,
        0,
        -0.40403803288744733,
        0.011071497050952672,
        -0.9146753728987917,
        0,
        -0.18090665340423584,
        0.8389602899551392,
        -1.2742805480957031,
        1
      ],
      "name": "barrierr058",
      "extras": {
        "name": "barrierr.058"
      },
      "mesh": 1
    },
    {
      "matrix": [
        -0.00003676670598884435,
        -0.9999942582153725,
        -0.00340568181840184,
        0,
        -0.9996027696923389,
        -0.00005935514081989446,
        0.028185382508585377,
        0,
        -0.028185420979049525,
        0.0034053634221942186,
        -0.9995970280352964,
        0,
        -0.3648184537887573,
        0.8444016575813293,
        -0.07792381942272186,
        1
      ],
      "name": "barrierr059",
      "extras": {
        "name": "barrierr.059"
      },
      "mesh": 1
    },
    {
      "matrix": [
        0.000054395012220265215,
        -0.9999299064551574,
        -0.011841836980192255,
        0,
        -0.9274643484879239,
        -0.0044782947941333084,
        0.3738848449336203,
        0,
        -0.37391165963413897,
        0.010962534549388891,
        -0.9273995847422185,
        0,
        -0.9651856422424316,
        0.8389603495597839,
        -1.274280071258545,
        1
      ],
      "name": "barrierr060",
      "extras": {
        "name": "barrierr.060"
      },
      "mesh": 1
    },
    {
      "matrix": [
        -0.00003668382319355068,
        -0.9999941722418504,
        -0.003405679747149004,
        0,
        -0.9999083168826439,
        -0.000009373331149697961,
        0.013538916517967126,
        0,
        -0.013538870009042414,
        0.003405864633081568,
        -0.9999024893109691,
        0,
        -0.9535274505615234,
        0.8444017171859741,
        -0.0779237225651741,
        1
      ],
      "name": "barrierr061",
      "extras": {
        "name": "barrierr.061"
      },
      "mesh": 1
    },
    {
      "matrix": [
        0.00437504909848907,
        -0.9999343901111799,
        -0.010596591508125197,
        0,
        -0.9987857119423595,
        -0.0048897646781285165,
        0.04902455649555748,
        0,
        -0.04907314844598387,
        0.010369232988732047,
        -0.9987415748733568,
        0,
        -1.5818978548049927,
        0.8389602899551392,
        -1.274280071258545,
        1
      ],
      "name": "barrierr062",
      "extras": {
        "name": "barrierr.062"
      },
      "mesh": 1
    },
    {
      "matrix": [
        -0.00003673159768213807,
        -0.9999941969513197,
        -0.003405683616200861,
        0,
        -0.9761375705325013,
        -0.0007036936546076511,
        0.2171518873335927,
        0,
        -0.2171530244139248,
        0.003332392732012579,
        -0.9761318800366325,
        0,
        -1.5702396631240845,
        0.8444016575813293,
        -0.07792321592569351,
        1
      ],
      "name": "barrierr063",
      "extras": {
        "name": "barrierr.063"
      },
      "mesh": 1
    },
    {
      "matrix": [
        -0.00003670990745163749,
        -0.999994231098175,
        -0.0034056783256950496,
        0,
        -0.9948539351140754,
        0.00038152147410730475,
        -0.10131912171691582,
        0,
        0.10131983351016416,
        0.0033844361152084446,
        -0.9948482100545561,
        0,
        0.5561138987541199,
        0.8444016575813293,
        0.8425388932228088,
        1
      ],
      "name": "barrierr064",
      "extras": {
        "name": "barrierr.064"
      },
      "mesh": 1
    },
    {
      "matrix": [
        -0.000036751730995376874,
        -0.9999942431062667,
        -0.0034056652771567997,
        0,
        -0.8910346424237101,
        0.0015786173970795403,
        -0.45393266018336575,
        0,
        0.45393540377735064,
        0.0030179023543972505,
        -0.891029575476324,
        0,
        0.5561133027076721,
        0.8444017767906189,
        2.6459693908691406,
        1
      ],
      "name": "barrierr065",
      "extras": {
        "name": "barrierr.065"
      },
      "mesh": 1
    },
    {
      "matrix": [
        -0.00003679737910444736,
        -0.9999942603654866,
        -0.003405689874479201,
        0,
        -0.9946111356267799,
        -0.0003166114919765928,
        0.1036759833310823,
        0,
        -0.1036764600796376,
        0.0033911456092736714,
        -0.9946054156191906,
        0,
        -0.06059924140572548,
        0.8444017171859741,
        0.8425384163856506,
        1
      ],
      "name": "barrierr066",
      "extras": {
        "name": "barrierr.066"
      },
      "mesh": 1
    },
    {
      "matrix": [
        -0.000036703818106609276,
        -0.9999942544501044,
        -0.0034056350735545138,
        0,
        -0.9648773530460171,
        0.0009299713546909727,
        -0.262699328620819,
        0,
        0.2627009723285889,
        0.0032763921769607407,
        -0.9648718452879521,
        0,
        -0.060599081218242645,
        0.8444017767906189,
        2.6423330307006836,
        1
      ],
      "name": "barrierr067",
      "extras": {
        "name": "barrierr.067"
      },
      "mesh": 1
    },
    {
      "matrix": [
        -0.000036826721932170514,
        -0.999994236179628,
        -0.003405676012277592,
        0,
        -0.9882396105752668,
        -0.00048445240865713224,
        0.15291275226772783,
        0,
        -0.15291351513722828,
        0.003371249555989664,
        -0.9882338971435232,
        0,
        -0.8448781967163086,
        0.8444016575813293,
        0.8425383567810059,
        1
      ],
      "name": "barrierr068",
      "extras": {
        "name": "barrierr.068"
      },
      "mesh": 1
    },
    {
      "matrix": [
        -0.000036709627877939965,
        -0.9999942277216425,
        -0.00340567816428905,
        0,
        -0.976726596483318,
        0.000766278174516799,
        -0.21448688529440219,
        0,
        0.21448825105929803,
        0.00331854856470315,
        -0.9767209873006735,
        0,
        -0.8448784947395325,
        0.8444017171859741,
        2.590418815612793,
        1
      ],
      "name": "barrierr069",
      "extras": {
        "name": "barrierr.069"
      },
      "mesh": 1
    },
    {
      "matrix": [
        -0.0000366229544899177,
        -0.9999941655853855,
        -0.003405698504629129,
        0,
        -0.9362933371864335,
        -0.0011617896178823806,
        0.3512169817025761,
        0,
        -0.3512189014381306,
        0.003201607590694877,
        -0.9362878296860586,
        0,
        -1.4615923166275024,
        0.8444016575813293,
        0.8425388932228088,
        1
      ],
      "name": "barrierr070",
      "extras": {
        "name": "barrierr.070"
      },
      "mesh": 1
    },
    {
      "matrix": [
        -0.00003677382106426208,
        -0.9999942550853066,
        -0.003405679456524202,
        0,
        -0.9999416122424291,
        0.00007348056691236504,
        -0.010810962166214466,
        0,
        0.010811149901358397,
        0.0034050834542298514,
        -0.9999358703668406,
        0,
        -1.4615917205810547,
        0.8444016575813293,
        2.433112382888794,
        1
      ],
      "name": "barrierr071",
      "extras": {
        "name": "barrierr.071"
      },
      "mesh": 1
    },
    {
      "matrix": [
        -0.999941665670947,
        -0.00003681291387095417,
        -0.010810730260824639,
        0,
        7.024683897722747e-9,
        0.999994200076091,
        -0.0034058500821407323,
        0,
        0.010810792938674199,
        -0.003405651125914061,
        -0.9999358660857172,
        0,
        -9.991535186767578,
        0.9061628580093384,
        -8.957853317260742,
        1
      ],
      "name": "barrage_Fracnk",
